car:92.89999999999999:100
bed:165.79999999999998:200
